   7       0 loop0 42 0 676 6 0 0 0 0 0 16 0 0 0 0 0
   7       1 loop1 1216 0 3024 1245 0 0 0 0 0 272 696 0 0 0 0
   7       2 loop2 72 0 2160 18 0 0 0 0 0 52 0 0 0 0 0
   7       3 loop3 37 0 672 6 0 0 0 0 0 20 0 0 0 0 0
   7       4 loop4 13997 0 28586 6917 0 0 0 0 0 1852 3284 0 0 0 0
   7       5 loop5 49 0 2148 18 0 0 0 0 0 28 0 0 0 0 0
   7       6 loop6 1 0 2 0 0 0 0 0 0 4 0 0 0 0 0
   7       7 loop7 0 0 0 0 0 0 0 0 0 0 0 0 0 0 0
   7       8 loop8 0 0 0 0 0 0 0 0 0 0 0 0 0 0 0
   7       9 loop9 0 0 0 0 0 0 0 0 0 0 0 0 0 0 0
   7      10 loop10 0 0 0 0 0 0 0 0 0 0 0 0 0 0 0
   7      11 loop11 0 0 0 0 0 0 0 0 0 0 0 0 0 0 0
   7      12 loop12 0 0 0 0 0 0 0 0 0 0 0 0 0 0 0
   7      13 loop13 0 0 0 0 0 0 0 0 0 0 0 0 0 0 0
   7      14 loop14 0 0 0 0 0 0 0 0 0 0 0 0 0 0 0
   7      15 loop15 0 0 0 0 0 0 0 0 0 0 0 0 0 0 0
   7      16 loop16 0 0 0 0 0 0 0 0 0 0 0 0 0 0 0
   7      17 loop17 0 0 0 0 0 0 0 0 0 0 0 0 0 0 0
   7      18 loop18 0 0 0 0 0 0 0 0 0 0 0 0 0 0 0
   7      19 loop19 0 0 0 0 0 0 0 0 0 0 0 0 0 0 0
   7      20 loop20 0 0 0 0 0 0 0 0 0 0 0 0 0 0 0
   7      21 loop21 0 0 0 0 0 0 0 0 0 0 0 0 0 0 0
   7      22 loop22 0 0 0 0 0 0 0 0 0 0 0 0 0 0 0
   7      23 loop23 0 0 0 0 0 0 0 0 0 0 0 0 0 0 0
   7      24 loop24 0 0 0 0 0 0 0 0 0 0 0 0 0 0 0
   7      25 loop25 0 0 0 0 0 0 0 0 0 0 0 0 0 0 0
   7      26 loop26 0 0 0 0 0 0 0 0 0 0 0 0 0 0 0
   7      27 loop27 0 0 0 0 0 0 0 0 0 0 0 0 0 0 0
   7      28 loop28 0 0 0 0 0 0 0 0 0 0 0 0 0 0 0
   7      29 loop29 0 0 0 0 0 0 0 0 0 0 0 0 0 0 0
   7      30 loop30 0 0 0 0 0 0 0 0 0 0 0 0 0 0 0
   7      31 loop31 0 0 0 0 0 0 0 0 0 0 0 0 0 0 0
  11       0 sr0 0 0 0 0 0 0 0 0 0 0 0 0 0 0 0
 252       0 vda 17018 5433 1808850 7643 45019 16555 1665008 120203 0 41240 85300 0 0 0 0
 252       1 vda1 80 0 640 19 0 0 0 0 0 80 0 0 0 0 0
 252       2 vda2 16835 5433 1803682 7588 44678 16555 1665008 120093 0 41108 85284 0 0 0 0
